8 wierzcholkow
0.36417
0.35847
0.35223
0.33474
0.35600
0.34782
0.34140
0.36678
0.39073
0.35949
10 wierzcholkow
0.45623
0.50188
0.47446
0.49411
0.45067
0.46230
0.44415
0.44741
0.47414
0.44783
12 wierzcholkow
0.52749
0.57975
0.58152
0.72784
0.68587
0.59686
0.56456
0.83173
0.54877
0.58973
14 wierzcholkow
0.75410
0.72899
0.68906
0.65946
0.68355
0.66021
0.65665
0.65910
0.66572
0.83769
16 wierzcholkow
0.81766
0.80928
0.76288
0.74210
0.73490
0.74583
0.75744
0.75169
0.76734
0.74028
18 wierzcholkow
0.87076
1.01616
0.84548
0.88764
0.87830
0.85315
0.88061
0.84605
0.84306
0.85621
20 wierzcholkow
0.96222
0.97803
0.96194
0.96954
0.97105
0.97489
0.96441
1.00489
0.97218
0.95862
22 wierzcholkow
1.06997
1.07117
1.07627
1.08274
1.08382
1.06710
1.06787
1.08333
1.08280
1.08477
24 wierzcholkow
1.19410
1.17896
1.15890
1.19965
1.18288
1.19746
1.25536
1.18738
1.35260
1.19913
26 wierzcholkow
1.32973
1.29915
1.30019
1.30227
1.29447
1.30483
1.29504
1.28503
1.31609
1.30795
28 wierzcholkow
1.39636
1.42235
1.41452
1.44911
1.40177
1.40882
1.44091
1.42209
1.42013
1.44400
30 wierzcholkow
1.52759
1.53910
1.53110
1.51672
1.52798
1.55322
1.54552
1.56050
1.52653
1.53915
32 wierzcholkow
1.67286
1.67688
1.66098
1.65493
1.62572
1.80075
1.66813
1.65933
1.65765
1.64025
34 wierzcholkow
2.02297
1.82752
1.79554
1.90484
1.78477
1.77433
1.90417
1.81684
1.97888
1.80386
36 wierzcholkow
2.18188
1.93204
1.94536
1.92570
1.89759
1.90341
1.86129
1.91532
1.94149
1.90756
38 wierzcholkow
2.04541
2.05653
2.13952
2.06534
2.01779
2.01491
1.99319
2.01634
2.04372
2.05324
40 wierzcholkow
2.13985
2.13038
2.12548
2.51364
2.16231
2.17322
2.27508
2.18990
2.16382
2.16241
