5 wierzcholkow
0.0000698000
0.0000595000
0.0000502000
0.0000688000
0.0000553000
0.0000546000
0.0000546000
0.0000557000
0.0000552000
0.0000541000
0.0000562000
0.0000647000
0.0000585000
0.0000698000
0.0000582000
0.0000624000
0.0000585000
0.0000543000
0.0000548000
0.0000549000
0.0000534000
0.0000590000
0.0000533000
0.0000541000
0.0000553000
0.0000573000
0.0000611000
0.0000327000
0.0000322000
0.0000314000
0.0000312000
0.0000336000
0.0000321000
0.0000311000
0.0000315000
0.0000548000
0.0000511000
0.0000776000
0.0000715000
0.0000643000
0.0000530000
0.0001352000
0.0000574000
0.0000571000
0.0000565000
0.0000323000
0.0000332000
0.0000312000
0.0000289000
0.0000291000
0.0000290000
0.0000290000
0.0000290000
0.0000546000
0.0000330000
0.0000328000
0.0000314000
0.0000298000
0.0000289000
0.0000421000
0.0000287000
0.0000287000
0.0000306000
0.0000287000
0.0000288000
0.0000286000
0.0000410000
0.0000287000
0.0000289000
0.0000292000
0.0000287000
0.0000288000
0.0000286000
0.0000435000
0.0000289000
0.0000287000
0.0000289000
0.0000288000
0.0000289000
0.0000289000
0.0000405000
0.0000288000
0.0000288000
0.0000286000
0.0000290000
0.0000289000
0.0000289000
0.0000286000
0.0000288000
0.0000290000
0.0000288000
0.0000295000
0.0000288000
0.0000288000
0.0000290000
0.0000288000
0.0000288000
0.0000289000
0.0000287000
0.0000290000
6 wierzcholkow
0.0001727000
0.0001714000
0.0004804000
0.0001965000
0.0001727000
0.0001803000
0.0001704000
0.0001707000
0.0001709000
0.0001837000
0.0001728000
0.0001708000
0.0001947000
0.0001721000
0.0001944000
0.0001715000
0.0001711000
0.0001716000
0.0001712000
0.0001729000
0.0001714000
0.0001720000
0.0001726000
0.0002122000
0.0001726000
0.0001706000
0.0001718000
0.0001708000
0.0001722000
0.0003491000
0.0001736000
0.0001716000
0.0001708000
0.0001857000
0.0001711000
0.0001936000
0.0001725000
0.0001709000
0.0001717000
0.0001898000
0.0001720000
0.0001878000
0.0001885000
0.0001857000
0.0001848000
0.0001863000
0.0001856000
0.0001847000
0.0001715000
0.0001944000
0.0001736000
0.0001717000
0.0001714000
0.0001712000
0.0001716000
0.0001711000
0.0001707000
0.0003795000
0.0001710000
0.0001971000
0.0001866000
0.0001714000
0.0001717000
0.0001709000
0.0001719000
0.0001712000
0.0001819000
0.0001712000
0.0001962000
0.0001719000
0.0001711000
0.0001719000
0.0001710000
0.0001714000
0.0001708000
0.0001705000
0.0001708000
0.0001942000
0.0001715000
0.0003415000
0.0002201000
0.0001878000
0.0003828000
0.0020273000
0.0001893000
0.0001726000
0.0001941000
0.0001710000
0.0001832000
0.0001720000
0.0001717000
0.0001734000
0.0002060000
0.0001949000
0.0001717000
0.0002623000
0.0001730000
0.0001722000
0.0001732000
0.0001720000
7 wierzcholkow
0.0012610001
0.0012610001
0.0036418000
0.0015851000
0.0023515001
0.0013135000
0.0013151000
0.0013097000
0.0015924000
0.0013253000
0.0013132000
0.0013096000
0.0013214001
0.0013276000
0.0013200000
0.0013150000
0.0013126000
0.0014058000
0.0012421000
0.0012370000
0.0012331000
0.0012602000
0.0012782000
0.0012343000
0.0012439000
0.0013840999
0.0020452000
0.0013140000
0.0013133000
0.0013393000
0.0013130000
0.0013194000
0.0013113000
0.0016242000
0.0012327000
0.0012130000
0.0012142000
0.0012197000
0.0012156999
0.0012178000
0.0012141000
0.0012193000
0.0016814000
0.0012334000
0.0012328000
0.0012638000
0.0012589000
0.0012332000
0.0012308999
0.0012323000
0.0012641000
0.0015115000
0.0012279000
0.0012138000
0.0012435000
0.0012170000
0.0012206000
0.0012137000
0.0012118000
0.0012192000
0.0019993000
0.0012434000
0.0012744000
0.0012388000
0.0012343000
0.0012328000
0.0012572000
0.0012455001
0.0012436000
0.0014215000
0.0012408000
0.0012367000
0.0012561000
0.0012613001
0.0012353000
0.0012329000
0.0012605001
0.0015230000
0.0012266000
0.0012154999
0.0012158999
0.0012346000
0.0012173000
0.0012135000
0.0012255000
0.0013571000
0.0012572000
0.0012327000
0.0012379000
0.0012320000
0.0012391000
0.0012692000
0.0012378000
0.0012325000
0.0013206000
0.0012572000
0.0012753000
0.0012434000
0.0012394000
0.0012327000
8 wierzcholkow
0.0106472997
0.0126681002
0.0099694002
0.0159773007
0.0106706005
0.0140652005
0.0124327000
0.0122704003
0.0102476999
0.0131021002
0.0104245003
0.0104639996
0.0102581000
0.0102153001
0.0107052997
0.0101578003
0.0107974997
0.0130369002
0.0105964001
0.0130345998
0.0156692993
0.0126713999
0.0107661001
0.0106474999
0.0106728002
0.0101733003
0.0103166001
0.0102789998
0.0102156000
0.0102973003
0.0102939997
0.0103903003
0.0101276003
0.0102682002
0.0119134001
0.0137969004
0.0101953996
0.0125399996
0.0117720002
0.0103626996
0.0099235000
0.0107864998
0.0103666000
0.0100525003
0.0103682997
0.0121702999
0.0104940003
0.0101098996
0.0106904004
0.0106202997
0.0103499005
0.0107838996
0.0121470997
0.0150437001
0.0119470004
0.0108446004
0.0101929996
0.0109070996
0.0103815999
0.0101111997
0.0105319005
0.0105496002
0.0107405996
0.0102473004
0.0106426999
0.0104806004
0.0101201003
0.0105187995
0.0107723996
0.0123631004
0.0099448999
0.0132881999
0.0116462996
0.0105504002
0.0100705996
0.0104082003
0.0102744997
0.0099397004
0.0113223996
0.0110211000
0.0102268001
0.0099905003
0.0106525999
0.0105470996
0.0101423999
0.0104815001
0.0105999997
0.0117335003
0.0101725003
0.0126278996
0.0127127003
0.0109997997
0.0100133996
0.0104480004
0.0105625996
0.0099277003
0.0101624997
0.0104900002
0.0104558999
0.0102271996
9 wierzcholkow
0.1060613990
0.1004277021
0.1061882004
0.1011931971
0.1269304007
0.1111584976
0.1294831038
0.1148599014
0.1074502990
0.1119372994
0.1080517992
0.1172934994
0.1021071970
0.1151641011
0.1136080995
0.1158201024
0.1303361058
0.1111479998
0.1119377017
0.1012914032
0.1038011014
0.0976978987
0.0988871977
0.1022355035
0.1122312024
0.1186188012
0.1136275008
0.1031382009
0.1006114036
0.1005372033
0.1073160022
0.1073094979
0.1007051989
0.1388559937
0.1569291055
0.1183144003
0.1219097972
0.1052161008
0.1254972070
0.1389739066
0.1171929017
0.1144080982
0.1082788035
0.1071223021
0.1020376980
0.1036467031
0.0987230018
0.1183066964
0.1101697013
0.1130916029
0.1098688990
0.1121177971
0.1149799973
0.1084823012
0.1308524013
0.1046181023
0.1230913028
0.1049785987
0.1109194010
0.1095812991
0.1142631024
0.1066189036
0.0994355977
0.1115313023
0.1048422009
0.1290429980
0.1219561994
0.1702183932
0.1874931008
0.1222032011
0.1111882031
0.1471907049
0.1151845977
0.0987859964
0.1057903990
0.1128055975
0.1419622004
0.1472561061
0.1174693033
0.1110628024
0.0997693017
0.1046444029
0.0995827019
0.1057564989
0.1018173993
0.1574237049
0.1690067053
0.1608424932
0.1426019967
0.1721425056
0.1106417999
0.1004673019
0.1152342036
0.1100582033
0.1223979965
0.1155876964
0.1299895048
0.1315767020
0.1334203929
0.1051321030
10 wierzcholkow
1.2393608093
1.2327480316
1.4151693583
1.1397534609
1.0950353146
1.1753767729
1.0851122141
1.0069802999
1.1243287325
1.1863757372
1.2217084169
1.1811366081
1.0544420481
1.0380095243
1.0064362288
1.1713707447
