6 wierzcholkow
159
92
93
160
104
173
180
110
188
193
7 wierzcholkow
106
142
129
155
131
181
161
154
144
177
8 wierzcholkow
168
195
181
197
181
124
153
120
116
196
9 wierzcholkow
170
161
159
147
135
159
152
164
116
151
10 wierzcholkow
197
183
142
192
174
129
149
167
182
126
11 wierzcholkow
199
132
231
142
184
142
151
121
185
169
12 wierzcholkow
215
130
190
159
127
141
203
164
160
189
13 wierzcholkow
198
139
174
185
147
102
182
119
123
221
14 wierzcholkow
191
146
173
217
148
109
226
165
203
183
15 wierzcholkow
162
205
227
167
153
204
190
214
148
166
16 wierzcholkow
125
240
158
240
105
202
257
205
172
127
17 wierzcholkow
205
169
136
147
211
213
202
136
230
170
18 wierzcholkow
184
130
171
158
160
177
181
200
185
181
19 wierzcholkow
191
174
143
190
172
160
176
200
121
167
