500 temperatura
0.54478
0.55926
0.53569
0.52687
0.52857
0.53377
0.52322
0.53207
0.52386
0.52134
0.52827
0.53075
0.52663
0.56069
0.52357
0.53176
0.52555
0.52380
0.53025
0.52646
0.51760
0.52804
0.52960
0.52702
0.53309
0.52984
0.52915
0.53197
0.52639
0.52752
0.52106
0.52797
0.53827
0.52424
0.53270
0.53039
0.52229
0.53363
0.53457
0.52419
0.53293
0.52751
0.55104
0.53358
0.52172
0.53451
0.52674
0.52473
0.53073
0.52245
0.51549
0.65847
0.52584
0.53124
0.52459
0.52226
0.54119
0.52477
0.53292
0.52246
0.52545
0.53137
0.51539
0.52036
0.53270
0.52617
0.52289
0.52921
0.54663
0.53540
0.52954
0.53060
0.52569
0.52208
0.51946
0.53608
0.52905
0.52871
0.52609
0.52276
0.52467
0.52242
0.52236
0.53651
0.51734
0.52773
0.52693
0.52167
0.53252
0.54905
0.52769
0.53235
0.51778
0.52986
0.52645
0.52692
0.54723
0.51462
0.52582
0.53011
1000 temperatura
0.56180
0.56622
0.56065
0.55354
0.57071
0.56186
0.56352
0.56719
0.56005
0.57289
0.55392
0.55866
0.57089
0.55829
0.56781
0.56122
0.59943
0.56923
0.61337
0.69666
0.56488
0.56299
0.57193
0.56647
0.57146
0.56021
0.56414
0.56299
0.56141
0.57485
0.56133
0.56915
0.56348
0.56018
0.57428
0.55576
0.56817
0.56218
0.55438
0.57874
0.55362
0.56135
0.56133
0.55777
0.56848
0.56598
0.56522
0.56550
0.55394
0.58226
0.56355
0.56414
0.56630
0.55809
0.58300
0.58408
0.56330
0.55784
0.56609
0.57178
0.55566
0.56412
0.56284
0.56150
0.57335
0.55786
0.55793
0.56452
0.56348
0.57299
0.55927
0.63235
0.57179
0.57100
0.57845
0.56408
0.55418
0.57051
0.55858
0.56816
0.55678
0.55740
0.56704
0.56005
0.57237
0.55474
0.55933
0.56816
0.55978
0.57064
0.56227
0.56038
0.56280
0.55865
0.56332
0.56099
0.55902
0.56995
0.55347
0.57384
1500 temperatura
0.58861
0.58480
0.59153
0.58227
0.59979
0.58549
0.57846
0.60008
0.58723
0.63754
0.65202
0.60320
0.62107
0.75119
0.82190
0.81472
0.98111
0.89922
1.01696
0.88314
1.17402
0.94507
0.82738
1.07066
1.01595
1.07734
1.07660
1.19955
1.07509
0.99644
1.14673
1.41348
1.33803
1.27612
1.35729
1.19080
0.88068
0.89283
0.69828
0.68064
0.61812
0.58620
0.62305
0.58942
0.58305
0.60346
0.58723
0.62472
0.71852
0.86639
0.60512
0.58604
0.62444
0.58041
0.63224
0.59113
0.58411
0.58842
0.58122
0.62441
0.61273
0.64378
0.64056
0.95883
0.64592
0.58741
0.59523
0.58737
0.61548
0.59338
0.59879
0.59921
0.62161
0.62532
0.58146
0.61024
0.58927
0.62314
0.60732
0.59993
0.62301
0.61768
0.62472
0.65957
0.67291
0.64448
0.62209
0.61078
0.60672
0.59414
0.62911
0.60336
0.66686
0.70090
0.65978
0.61235
0.67126
0.62635
0.59881
0.62510
2000 temperatura
0.62205
0.62767
0.63756
0.63835
0.62503
0.61402
0.62162
0.69024
0.65050
0.61507
0.69238
0.68846
0.66664
0.64407
0.64318
0.64365
0.61217
0.62493
0.60939
0.62925
0.64834
0.61734
0.64512
0.63019
0.67110
0.63413
0.62159
0.67720
0.69597
0.65904
0.67927
0.64629
0.61329
0.62051
0.72350
0.61227
0.68321
0.84601
0.78664
0.66223
0.69369
0.63060
0.65427
0.63168
0.61495
0.64112
0.63678
0.63083
0.61814
0.64555
0.63846
0.64849
0.61897
0.64055
0.63923
0.61712
0.63047
0.62061
0.63277
0.64357
0.63977
0.66455
0.64173
0.63023
0.62510
0.64239
0.65830
0.61839
0.61928
0.61889
0.64894
0.60854
0.62613
0.64585
0.62945
0.62857
0.62833
0.65075
0.62219
0.63918
0.64242
0.75592
0.64323
0.62606
0.66496
0.70642
0.62526
0.60868
0.61709
0.62691
0.63249
0.63922
0.64449
0.64455
0.67765
0.64734
0.60690
0.60931
0.63226
0.61344
2500 temperatura
0.63442
0.62637
0.63237
0.66134
0.62873
0.64361
0.65119
0.65251
0.74832
0.65500
0.62782
0.64576
0.61986
0.64549
0.63630
0.63575
0.65538
0.63206
0.64352
0.64447
0.64453
0.64408
0.63954
0.64659
0.64975
0.66319
0.63993
0.64884
0.62749
0.64629
0.64595
0.64642
0.64713
0.64329
0.63255
0.68861
0.63644
0.63586
0.63085
0.72458
0.62693
0.64063
0.63014
0.62743
0.62216
0.63381
0.62653
0.61819
0.63618
0.62253
0.63993
0.62139
0.63146
0.62834
0.62827
0.62990
0.61316
0.62365
0.62122
0.62464
0.63347
0.62151
0.68961
0.70250
0.63993
0.62414
0.62696
0.62019
0.65396
0.64403
0.62601
0.64981
0.62299
0.63633
0.63244
0.63413
0.70376
0.64007
0.64824
0.62204
0.63914
0.62744
0.62661
0.63072
0.61845
0.67351
0.72414
0.65504
0.63291
0.69109
0.63591
0.62979
0.63839
0.62826
0.63803
0.62093
0.62216
0.63202
0.62689
0.84357
3000 temperatura
0.65728
0.62921
0.62326
0.63193
0.67460
0.67846
0.64223
0.65835
0.79089
0.77184
0.76912
0.76817
0.78259
0.81575
0.85494
0.97815
0.81974
0.82101
0.79593
0.83566
0.86158
0.85387
0.87748
0.81646
0.73572
0.66339
0.62792
0.70812
0.67044
0.62099
0.65775
0.63185
0.63380
0.62479
0.62748
0.62262
0.63049
0.76142
0.61870
0.63105
0.62284
0.63135
0.62785
0.63014
0.61945
0.62697
0.62228
0.61849
0.62838
0.61832
0.62832
0.61744
0.63928
0.61695
0.61720
0.64279
0.62420
0.63381
0.63226
0.63288
0.62347
0.63241
0.62728
0.62534
0.63379
0.61446
0.63747
0.62115
0.72635
0.63988
0.61671
0.62508
0.62157
0.63198
0.62222
0.62703
0.61697
0.63856
0.63065
0.62420
0.63214
0.61678
0.63250
0.61663
0.63966
0.63435
0.62794
0.63692
0.62614
0.62940
0.62727
0.62319
0.62169
0.62313
0.64187
0.62437
0.63267
0.62830
0.63971
0.64398
3500 temperatura
0.63481
0.63430
0.63105
0.62877
0.63936
0.63423
0.63234
0.63549
0.63071
0.64384
0.62660
0.64249
0.63452
0.63631
0.64625
0.64800
0.64574
0.62621
0.64255
0.63062
0.64368
0.63155
0.62558
0.64024
0.62575
0.64399
0.62459
0.64397
0.62512
0.63952
0.63196
0.62785
0.64142
0.62513
0.64250
0.63269
0.63635
0.63585
0.63517
0.62588
0.63158
0.63784
0.62875
0.64182
0.62534
0.64802
0.63801
0.63071
0.67375
0.63210
0.64110
0.62811
0.64056
0.63118
0.64002
0.63977
0.63383
0.63409
0.62188
0.63840
0.62251
0.63827
0.64423
0.63753
0.63860
0.81079
0.65341
0.63395
0.64302
0.63178
0.65878
0.63488
0.63712
0.62687
0.64433
0.63028
0.62940
0.64160
0.72511
0.72685
0.64978
0.63814
0.65201
0.64453
0.63066
0.64500
0.62802
0.62658
0.63690
0.62726
0.65366
0.62937
0.63830
0.62918
0.63815
0.63554
0.64406
0.64383
0.62827
0.63956
4000 temperatura
0.63457
0.64904
0.64531
0.64536
0.65594
0.63819
0.64543
0.63344
0.67575
0.63755
0.65165
0.65976
0.64538
0.64241
0.64058
0.65610
0.63766
0.65047
0.66317
0.76147
0.63858
0.64627
0.63340
0.63872
0.63898
0.63494
0.64313
0.64230
0.65171
0.63919
0.65022
0.64724
0.64495
0.64648
0.64928
0.64149
0.64829
0.65513
0.63791
0.64044
0.63607
0.65028
0.65247
0.64465
0.64769
0.63875
0.64084
0.63284
0.65310
0.63468
0.65276
0.63532
0.64276
0.63894
0.63608
0.65313
0.63805
0.64708
0.63455
0.65249
0.63678
0.64004
0.64998
0.63263
0.64145
0.63241
0.65350
0.64149
0.64460
0.64497
0.64413
0.63475
0.64057
0.64196
0.63902
0.65536
0.68332
0.65184
0.63633
0.65281
0.63056
0.64826
0.65504
0.64036
0.65766
0.63726
0.66069
0.64144
0.64327
0.63244
0.65082
0.64050
0.64548
0.63440
0.63357
0.65379
0.63580
0.65834
0.64757
0.64297
4500 temperatura
0.64634
0.64651
0.64004
0.63758
0.66938
0.64795
0.65949
0.64434
0.64992
0.64733
0.64856
0.67759
0.67247
0.64913
0.64638
0.71893
0.76456
0.66748
0.64540
0.71563
0.84491
0.86675
0.82297
0.71504
0.67097
0.65270
0.71833
0.69329
0.64018
0.77040
0.72677
0.66532
0.64434
0.67565
0.66920
0.70541
0.64970
0.79655
0.64134
0.65179
0.64326
0.65220
0.65109
0.64960
0.66537
0.65603
0.65732
0.73535
0.72135
0.73030
0.69073
0.71658
0.64939
0.64818
0.65291
0.64108
0.64846
0.64625
0.65107
0.65894
0.65525
0.65350
0.64705
0.66381
0.65950
0.65592
0.64994
0.64404
0.64874
0.64691
0.65685
0.64297
0.67543
0.83602
0.98807
0.87076
0.77452
0.69715
0.64976
0.65049
0.64368
0.63638
0.65466
0.64270
0.65314
0.64335
0.65495
0.64242
0.65600
0.64362
0.64765
0.64995
0.63964
0.65912
0.64529
0.72496
0.64838
0.65363
0.64526
0.64676
5000 temperatura
0.77071
0.66158
0.64408
0.65160
0.65902
0.65550
0.66117
0.66118
0.65788
0.65420
0.66179
0.65224
0.66746
0.64837
0.66856
0.64912
0.65475
0.64683
0.65258
0.66698
0.65755
0.66509
0.66241
0.66390
0.65367
0.66070
0.65286
0.65443
0.65477
0.64999
0.65297
0.64754
0.65057
0.65308
0.65767
0.64749
0.67245
0.64630
0.79633
0.80421
0.75500
0.74940
0.73971
0.69785
0.66067
0.65297
0.65910
0.66093
0.64636
0.67113
0.64493
0.65331
0.64725
0.69709
0.64823
0.66648
0.65762
0.65592
0.66343
0.65516
0.64960
0.65049
0.66150
0.65950
0.74079
0.78826
0.66644
0.64955
0.67524
0.65301
0.65821
0.65133
0.65257
0.66331
0.67303
0.65336
0.64496
0.65535
0.64557
0.65347
0.64243
0.64864
0.64363
0.65424
0.66365
0.66669
0.65066
0.64372
0.65684
0.65630
0.65524
0.64724
0.66216
0.64796
0.66505
0.65360
0.65225
0.65059
0.64717
0.66510
