6 wierzcholkow
159
92
93
160
104
173
180
110
188
193
7 wierzcholkow
106
142
129
155
131
181
161
154
144
177
8 wierzcholkow
168
195
181
197
181
124
153
120
116
196
9 wierzcholkow
179
162
159
147
135
159
152
164
116
151
10 wierzcholkow
197
183
159
192
174
149
165
192
182
143
11 wierzcholkow
214
164
232
142
188
148
179
147
210
169
12 wierzcholkow
234
179
216
180
127
146
222
164
171
229
13 wierzcholkow
199
141
235
216
184
141
188
157
139
227
14 wierzcholkow
224
222
203
259
208
134
269
237
232
204
15 wierzcholkow
203
247
275
246
211
246
198
251
201
213
16 wierzcholkow
170
321
209
283
186
264
277
283
238
171
17 wierzcholkow
274
253
173
218
269
242
244
204
300
245
18 wierzcholkow
216
178
240
261
232
229
226
296
249
254
19 wierzcholkow
271
268
221
252
237
244
252
294
179
201
