population 100, VERTEX: 10
132
164
126
126
140
126
126
141
144
132
population 1000, VERTEX: 10
126
126
132
141
126
132
126
126
144
126
population 5000, VERTEX: 10
126
126
126
126
126
126
126
126
131
126
population 10000, VERTEX: 10
126
126
126
126
126
126
126
126
126
126
population 100, VERTEX: 11
222
214
199
233
196
208
184
200
222
221
population 1000, VERTEX: 11
208
222
224
198
200
231
196
198
200
212
population 5000, VERTEX: 11
163
163
223
209
200
220
215
184
224
214
population 10000, VERTEX: 11
204
196
222
188
197
163
196
204
204
188
population 100, VERTEX: 12
314
292
318
322
329
287
316
352
320
338
population 1000, VERTEX: 12
319
333
296
322
315
307
299
277
315
308
population 5000, VERTEX: 12
299
327
297
276
276
316
324
303
294
336
population 10000, VERTEX: 12
298
300
317
299
297
285
309
315
299
302
population 100, VERTEX: 13
281
252
266
303
302
269
321
296
270
287
population 1000, VERTEX: 13
295
270
265
282
261
256
268
292
284
290
population 5000, VERTEX: 13
276
276
257
256
287
259
250
273
272
245
population 10000, VERTEX: 13
263
289
264
232
258
244
265
244
261
255
population 100, VERTEX: 14
257
220
261
292
267
241
270
246
248
266
population 1000, VERTEX: 14
225
243
242
236
234
236
198
248
240
187
population 5000, VERTEX: 14
226
221
220
202
213
237
250
228
219
221
population 10000, VERTEX: 14
192
260
222
203
238
238
242
249
237
208
population 100, VERTEX: 15
283
301
295
307
311
324
304
334
285
299
population 1000, VERTEX: 15
285
286
296
257
330
331
278
300
292
315
population 5000, VERTEX: 15
255
296
237
308
281
304
261
312
312
290
population 10000, VERTEX: 15
313
310
299
231
285
259
285
301
265
290
population 100, VERTEX: 16
327
320
345
395
358
301
350
285
338
320
population 1000, VERTEX: 16
273
336
232
278
306
307
322
316
301
360
population 5000, VERTEX: 16
327
245
288
313
286
330
304
312
309
301
population 10000, VERTEX: 16
256
314
285
302
330
309
289
344
261
282
population 100, VERTEX: 17
344
385
334
357
330
377
302
279
388
376
population 1000, VERTEX: 17
340
358
363
356
316
354
296
378
320
332
population 5000, VERTEX: 17
360
345
357
338
293
275
356
336
304
328
population 10000, VERTEX: 17
334
306
284
345
317
294
309
307
339
309
population 100, VERTEX: 18
319
338
352
350
355
389
356
376
287
402
population 1000, VERTEX: 18
382
360
364
355
363
311
297
293
349
339
population 5000, VERTEX: 18
315
347
325
315
315
325
342
286
385
277
population 10000, VERTEX: 18
288
351
340
314
342
307
341
316
344
301
population 100, VERTEX: 19
404
494
447
472
434
366
